A = [2 1 1 0; 4 3 3 1; 8 7 9 5; 6 7 9 8]

a = [1;2;4;5]

C = [100 1 1 0; 4 100 3 1; 8 7 100 5; 6 7 9 100]

B = [10 3 -2; 2 8 -1; 1 1 5]

b = [57; 20; -4]

toll = 0.00001

kmax = 100

E = [0 0 0 2 4; 0 1 8 1 0; 0 0 1 6 2; 4 2 0 0 0; 2 6 1 0 0]

e = [2; -3; 6; -3; 2]

F = [4 0 2 0 0; 0 8 1 0 1; 2 1 6 0 0; 0 0 0 4 2; 0 1 0 2 6]

f = [2; -3; 6; -3; 2]

G = [10 1 -3;]

g = []

H = [0.5208333 0 0.375 -0.3333333 0 0;
    0 0.5138889 0.0833333 0 -0.0138889 0;
    0.375 0.0833333 1.5 0 -0.0833333 0;
    -0.3333333 0 0 0.5208333 0 0.375;
    0 -0.0138889 -0.0833333 0 0.5138889 0;
    0 0 0 0.375 0 1]
h = [-10; 37.5; 45; 0; 22.5; 0]

R1 = 1; R2 = 2; R3 = 3; R4 = 4; R5 = 5; R6 = 3

I = [R1 + R2 + R4 -R2 -R3; 
    -R2 R5 + R2 + R3 -R5;
    -R4 -R5 R4 + R5 + R6]

i = [10; 0; 4]